%YAML:1.0

Camera.fx: 5.039630403708e+02
Camera.fy: 4.990782697476e+02
Camera.cx: 3.187466804000e+02
Camera.cy: 2.458400371100e+02

Camera.k1: 6.567503662024e-02
Camera.k2: -4.898695307849e-01
Camera.p1: 1.252667542191e-03
Camera.p2: 1.807506292790e-04
Camera.k3: 9.823352309818e-01

Camera.fps: 30.0

# 0: BGR, 1: RGB.
Camera.RGB: 0

ORBextractor.nFeatures: 1000
ORBextractor.scaleFactor: 1.2
ORBextractor.nLevels: 8
ORBextractor.iniThFAST: 20
ORBextractor.minThFAST: 7

Viewer.KeyFrameSize: 0.05
Viewer.KeyFrameLineWidth: 1
Viewer.GraphLineWidth: 0.9
Viewer.PointSize:2
Viewer.CameraSize: 0.08
Viewer.CameraLineWidth: 3
Viewer.ViewpointX: 0
Viewer.ViewpointY: -0.7
Viewer.ViewpointZ: -1.8
Viewer.ViewpointF: 500
